T;C;equ;noimp;steps;last_change;last_improve;sat_cnt;clause_cnt;init_sat_cnt
20;0.9;1;1000;1000;0;0;372;430;372
20;0.9;1;1000;1000;0;0;372;430;372
20;0.9;1;1000;1000;0;0;372;430;372
20;0.9;1;1000;1000;0;0;372;430;372
20;0.9;1;1000;1000;0;0;372;430;372
20;0.9;1;1000;1000;0;0;372;430;372
20;0.9;1;1000;1000;0;0;372;430;372
20;0.9;1;1000;1000;0;0;372;430;372
20;0.9;1;1000;1000;0;0;372;430;372
20;0.9;1;1000;1000;0;0;372;430;372
20;0.9;1;2000;2000;0;0;372;430;372
20;0.9;1;2000;2000;0;0;372;430;372
20;0.9;1;2000;2000;0;0;372;430;372
20;0.9;1;2000;2000;0;0;372;430;372
20;0.9;1;2000;2000;0;0;372;430;372
20;0.9;1;2000;2000;0;0;372;430;372
20;0.9;1;2000;2000;0;0;372;430;372
20;0.9;1;2000;2000;0;0;372;430;372
20;0.9;1;2000;2000;0;0;372;430;372
20;0.9;1;2000;2000;0;0;372;430;372
20;0.9;1;5000;5000;0;0;372;430;372
20;0.9;1;5000;5000;0;0;372;430;372
20;0.9;1;5000;5000;0;0;372;430;372
20;0.9;1;5000;5000;0;0;372;430;372
20;0.9;1;5000;5000;0;0;372;430;372
20;0.9;1;5000;5000;0;0;372;430;372
20;0.9;1;5000;5000;0;0;372;430;372
20;0.9;1;5000;5000;0;0;372;430;372
20;0.9;1;5000;5000;0;0;372;430;372
20;0.9;1;5000;5000;0;0;372;430;372
20;0.9;10;1000;2850;2844;1844;426;430;372
20;0.9;10;1000;2850;2844;1844;426;430;372
20;0.9;10;1000;2850;2844;1844;426;430;372
20;0.9;10;1000;2850;2844;1844;426;430;372
20;0.9;10;1000;2850;2844;1844;426;430;372
20;0.9;10;1000;2850;2844;1844;426;430;372
20;0.9;10;1000;2850;2844;1844;426;430;372
20;0.9;10;1000;2850;2844;1844;426;430;372
20;0.9;10;1000;2850;2844;1844;426;430;372
20;0.9;10;1000;2850;2844;1844;426;430;372
20;0.9;10;2000;4880;4868;2872;427;430;372
20;0.9;10;2000;4880;4868;2872;427;430;372
20;0.9;10;2000;4880;4868;2872;427;430;372
20;0.9;10;2000;4880;4868;2872;427;430;372
20;0.9;10;2000;4880;4868;2872;427;430;372
20;0.9;10;2000;4880;4868;2872;427;430;372
20;0.9;10;2000;4880;4868;2872;427;430;372
20;0.9;10;2000;4880;4868;2872;427;430;372
20;0.9;10;2000;4880;4868;2872;427;430;372
20;0.9;10;2000;4880;4868;2872;427;430;372
20;0.9;10;5000;7880;7871;2872;427;430;372
20;0.9;10;5000;7880;7871;2872;427;430;372
20;0.9;10;5000;7880;7871;2872;427;430;372
20;0.9;10;5000;7880;7871;2872;427;430;372
20;0.9;10;5000;7880;7871;2872;427;430;372
20;0.9;10;5000;7880;7871;2872;427;430;372
20;0.9;10;5000;7880;7871;2872;427;430;372
20;0.9;10;5000;7880;7871;2872;427;430;372
20;0.9;10;5000;7880;7871;2872;427;430;372
20;0.9;10;5000;7880;7871;2872;427;430;372
20;0.9;100;1000;6400;6388;5341;425;430;372
20;0.9;100;1000;6400;6388;5341;425;430;372
20;0.9;100;1000;6400;6388;5341;425;430;372
20;0.9;100;1000;6400;6388;5341;425;430;372
20;0.9;100;1000;6400;6388;5341;425;430;372
20;0.9;100;1000;6400;6388;5341;425;430;372
20;0.9;100;1000;6400;6388;5341;425;430;372
20;0.9;100;1000;6400;6388;5341;425;430;372
20;0.9;100;1000;6400;6388;5341;425;430;372
20;0.9;100;1000;6400;6388;5341;425;430;372
20;0.9;100;2000;7400;7387;5341;425;430;372
20;0.9;100;2000;7400;7387;5341;425;430;372
20;0.9;100;2000;7400;7387;5341;425;430;372
20;0.9;100;2000;7400;7387;5341;425;430;372
20;0.9;100;2000;7400;7387;5341;425;430;372
20;0.9;100;2000;7400;7387;5341;425;430;372
20;0.9;100;2000;7400;7387;5341;425;430;372
20;0.9;100;2000;7400;7387;5341;425;430;372
20;0.9;100;2000;7400;7387;5341;425;430;372
20;0.9;100;2000;7400;7387;5341;425;430;372
20;0.9;100;5000;15100;15085;10063;426;430;372
20;0.9;100;5000;15100;15085;10063;426;430;372
20;0.9;100;5000;15100;15085;10063;426;430;372
20;0.9;100;5000;15100;15085;10063;426;430;372
20;0.9;100;5000;15100;15085;10063;426;430;372
20;0.9;100;5000;15100;15085;10063;426;430;372
20;0.9;100;5000;15100;15085;10063;426;430;372
20;0.9;100;5000;15100;15085;10063;426;430;372
20;0.9;100;5000;15100;15085;10063;426;430;372
20;0.9;100;5000;15100;15085;10063;426;430;372
20;0.95;1;1000;1000;0;0;372;430;372
20;0.95;1;1000;1000;0;0;372;430;372
20;0.95;1;1000;1000;0;0;372;430;372
20;0.95;1;1000;1000;0;0;372;430;372
20;0.95;1;1000;1000;0;0;372;430;372
20;0.95;1;1000;1000;0;0;372;430;372
20;0.95;1;1000;1000;0;0;372;430;372
20;0.95;1;1000;1000;0;0;372;430;372
20;0.95;1;1000;1000;0;0;372;430;372
20;0.95;1;1000;1000;0;0;372;430;372
20;0.95;1;2000;2000;0;0;372;430;372
20;0.95;1;2000;2000;0;0;372;430;372
20;0.95;1;2000;2000;0;0;372;430;372
20;0.95;1;2000;2000;0;0;372;430;372
20;0.95;1;2000;2000;0;0;372;430;372
20;0.95;1;2000;2000;0;0;372;430;372
20;0.95;1;2000;2000;0;0;372;430;372
20;0.95;1;2000;2000;0;0;372;430;372
20;0.95;1;2000;2000;0;0;372;430;372
20;0.95;1;2000;2000;0;0;372;430;372
20;0.95;1;5000;5000;0;0;372;430;372
20;0.95;1;5000;5000;0;0;372;430;372
20;0.95;1;5000;5000;0;0;372;430;372
20;0.95;1;5000;5000;0;0;372;430;372
20;0.95;1;5000;5000;0;0;372;430;372
20;0.95;1;5000;5000;0;0;372;430;372
20;0.95;1;5000;5000;0;0;372;430;372
20;0.95;1;5000;5000;0;0;372;430;372
20;0.95;1;5000;5000;0;0;372;430;372
20;0.95;1;5000;5000;0;0;372;430;372
20;0.95;10;1000;2520;2504;1518;426;430;372
20;0.95;10;1000;2520;2504;1518;426;430;372
20;0.95;10;1000;2520;2504;1518;426;430;372
20;0.95;10;1000;2520;2504;1518;426;430;372
20;0.95;10;1000;2520;2504;1518;426;430;372
20;0.95;10;1000;2520;2504;1518;426;430;372
20;0.95;10;1000;2520;2504;1518;426;430;372
20;0.95;10;1000;2520;2504;1518;426;430;372
20;0.95;10;1000;2520;2504;1518;426;430;372
20;0.95;10;1000;2520;2504;1518;426;430;372
20;0.95;10;2000;4960;4955;2956;428;430;372
20;0.95;10;2000;4960;4955;2956;428;430;372
20;0.95;10;2000;4960;4955;2956;428;430;372
20;0.95;10;2000;4960;4955;2956;428;430;372
20;0.95;10;2000;4960;4955;2956;428;430;372
20;0.95;10;2000;4960;4955;2956;428;430;372
20;0.95;10;2000;4960;4955;2956;428;430;372
20;0.95;10;2000;4960;4955;2956;428;430;372
20;0.95;10;2000;4960;4955;2956;428;430;372
20;0.95;10;2000;4960;4955;2956;428;430;372
20;0.95;10;5000;7960;7956;2956;428;430;372
20;0.95;10;5000;7960;7956;2956;428;430;372
20;0.95;10;5000;7960;7956;2956;428;430;372
20;0.95;10;5000;7960;7956;2956;428;430;372
20;0.95;10;5000;7960;7956;2956;428;430;372
20;0.95;10;5000;7960;7956;2956;428;430;372
20;0.95;10;5000;7960;7956;2956;428;430;372
20;0.95;10;5000;7960;7956;2956;428;430;372
20;0.95;10;5000;7960;7956;2956;428;430;372
20;0.95;10;5000;7960;7956;2956;428;430;372
20;0.95;100;1000;10200;10186;9198;427;430;372
20;0.95;100;1000;10200;10186;9198;427;430;372
20;0.95;100;1000;10200;10186;9198;427;430;372
20;0.95;100;1000;10200;10186;9198;427;430;372
20;0.95;100;1000;10200;10186;9198;427;430;372
20;0.95;100;1000;10200;10186;9198;427;430;372
20;0.95;100;1000;10200;10186;9198;427;430;372
20;0.95;100;1000;10200;10186;9198;427;430;372
20;0.95;100;1000;10200;10186;9198;427;430;372
20;0.95;100;1000;10200;10186;9198;427;430;372
20;0.95;100;2000;11200;11195;9198;427;430;372
20;0.95;100;2000;11200;11195;9198;427;430;372
20;0.95;100;2000;11200;11195;9198;427;430;372
20;0.95;100;2000;11200;11195;9198;427;430;372
20;0.95;100;2000;11200;11195;9198;427;430;372
20;0.95;100;2000;11200;11195;9198;427;430;372
20;0.95;100;2000;11200;11195;9198;427;430;372
20;0.95;100;2000;11200;11195;9198;427;430;372
20;0.95;100;2000;11200;11195;9198;427;430;372
20;0.95;100;2000;11200;11195;9198;427;430;372
20;0.95;100;5000;17100;17098;12007;428;430;372
20;0.95;100;5000;17100;17098;12007;428;430;372
20;0.95;100;5000;17100;17098;12007;428;430;372
20;0.95;100;5000;17100;17098;12007;428;430;372
20;0.95;100;5000;17100;17098;12007;428;430;372
20;0.95;100;5000;17100;17098;12007;428;430;372
20;0.95;100;5000;17100;17098;12007;428;430;372
20;0.95;100;5000;17100;17098;12007;428;430;372
20;0.95;100;5000;17100;17098;12007;428;430;372
20;0.95;100;5000;17100;17098;12007;428;430;372
20;0.99;1;1000;1000;0;0;372;430;372
20;0.99;1;1000;1000;0;0;372;430;372
20;0.99;1;1000;1000;0;0;372;430;372
20;0.99;1;1000;1000;0;0;372;430;372
20;0.99;1;1000;1000;0;0;372;430;372
20;0.99;1;1000;1000;0;0;372;430;372
20;0.99;1;1000;1000;0;0;372;430;372
20;0.99;1;1000;1000;0;0;372;430;372
20;0.99;1;1000;1000;0;0;372;430;372
20;0.99;1;1000;1000;0;0;372;430;372
20;0.99;1;2000;2000;0;0;372;430;372
20;0.99;1;2000;2000;0;0;372;430;372
20;0.99;1;2000;2000;0;0;372;430;372
20;0.99;1;2000;2000;0;0;372;430;372
20;0.99;1;2000;2000;0;0;372;430;372
20;0.99;1;2000;2000;0;0;372;430;372
20;0.99;1;2000;2000;0;0;372;430;372
20;0.99;1;2000;2000;0;0;372;430;372
20;0.99;1;2000;2000;0;0;372;430;372
20;0.99;1;2000;2000;0;0;372;430;372
20;0.99;1;5000;5000;0;0;372;430;372
20;0.99;1;5000;5000;0;0;372;430;372
20;0.99;1;5000;5000;0;0;372;430;372
20;0.99;1;5000;5000;0;0;372;430;372
20;0.99;1;5000;5000;0;0;372;430;372
20;0.99;1;5000;5000;0;0;372;430;372
20;0.99;1;5000;5000;0;0;372;430;372
20;0.99;1;5000;5000;0;0;372;430;372
20;0.99;1;5000;5000;0;0;372;430;372
20;0.99;1;5000;5000;0;0;372;430;372
20;0.99;10;1000;6340;6338;5335;428;430;372
20;0.99;10;1000;6340;6338;5335;428;430;372
20;0.99;10;1000;6340;6338;5335;428;430;372
20;0.99;10;1000;6340;6338;5335;428;430;372
20;0.99;10;1000;6340;6338;5335;428;430;372
20;0.99;10;1000;6340;6338;5335;428;430;372
20;0.99;10;1000;6340;6338;5335;428;430;372
20;0.99;10;1000;6340;6338;5335;428;430;372
20;0.99;10;1000;6340;6338;5335;428;430;372
20;0.99;10;1000;6340;6338;5335;428;430;372
20;0.99;10;2000;9280;9276;7275;429;430;372
20;0.99;10;2000;9280;9276;7275;429;430;372
20;0.99;10;2000;9280;9276;7275;429;430;372
20;0.99;10;2000;9280;9276;7275;429;430;372
20;0.99;10;2000;9280;9276;7275;429;430;372
20;0.99;10;2000;9280;9276;7275;429;430;372
20;0.99;10;2000;9280;9276;7275;429;430;372
20;0.99;10;2000;9280;9276;7275;429;430;372
20;0.99;10;2000;9280;9276;7275;429;430;372
20;0.99;10;2000;9280;9276;7275;429;430;372
20;0.99;10;5000;12280;12222;7275;429;430;372
20;0.99;10;5000;12280;12222;7275;429;430;372
20;0.99;10;5000;12280;12222;7275;429;430;372
20;0.99;10;5000;12280;12222;7275;429;430;372
20;0.99;10;5000;12280;12222;7275;429;430;372
20;0.99;10;5000;12280;12222;7275;429;430;372
20;0.99;10;5000;12280;12222;7275;429;430;372
20;0.99;10;5000;12280;12222;7275;429;430;372
20;0.99;10;5000;12280;12222;7275;429;430;372
20;0.99;10;5000;12280;12222;7275;429;430;372
20;0.99;100;1000;46600;46590;45566;429;430;372
20;0.99;100;1000;46600;46590;45566;429;430;372
20;0.99;100;1000;46600;46590;45566;429;430;372
20;0.99;100;1000;46600;46590;45566;429;430;372
20;0.99;100;1000;46600;46590;45566;429;430;372
20;0.99;100;1000;46600;46590;45566;429;430;372
20;0.99;100;1000;46600;46590;45566;429;430;372
20;0.99;100;1000;46600;46590;45566;429;430;372
20;0.99;100;1000;46600;46590;45566;429;430;372
20;0.99;100;1000;46600;46590;45566;429;430;372
20;0.99;100;2000;49100;49089;47002;429;430;372
20;0.99;100;2000;49100;49089;47002;429;430;372
20;0.99;100;2000;49100;49089;47002;429;430;372
20;0.99;100;2000;49100;49089;47002;429;430;372
20;0.99;100;2000;49100;49089;47002;429;430;372
20;0.99;100;2000;49100;49089;47002;429;430;372
20;0.99;100;2000;49100;49089;47002;429;430;372
20;0.99;100;2000;49100;49089;47002;429;430;372
20;0.99;100;2000;49100;49089;47002;429;430;372
20;0.99;100;2000;49100;49089;47002;429;430;372
20;0.99;100;5000;52100;52089;47002;429;430;372
20;0.99;100;5000;52100;52089;47002;429;430;372
20;0.99;100;5000;52100;52089;47002;429;430;372
20;0.99;100;5000;52100;52089;47002;429;430;372
20;0.99;100;5000;52100;52089;47002;429;430;372
20;0.99;100;5000;52100;52089;47002;429;430;372
20;0.99;100;5000;52100;52089;47002;429;430;372
20;0.99;100;5000;52100;52089;47002;429;430;372
20;0.99;100;5000;52100;52089;47002;429;430;372
20;0.99;100;5000;52100;52089;47002;429;430;372
20;0.999;1;1000;1000;0;0;372;430;372
20;0.999;1;1000;1000;0;0;372;430;372
20;0.999;1;1000;1000;0;0;372;430;372
20;0.999;1;1000;1000;0;0;372;430;372
20;0.999;1;1000;1000;0;0;372;430;372
20;0.999;1;1000;1000;0;0;372;430;372
20;0.999;1;1000;1000;0;0;372;430;372
20;0.999;1;1000;1000;0;0;372;430;372
20;0.999;1;1000;1000;0;0;372;430;372
20;0.999;1;1000;1000;0;0;372;430;372
20;0.999;1;2000;2000;0;0;372;430;372
20;0.999;1;2000;2000;0;0;372;430;372
20;0.999;1;2000;2000;0;0;372;430;372
20;0.999;1;2000;2000;0;0;372;430;372
20;0.999;1;2000;2000;0;0;372;430;372
20;0.999;1;2000;2000;0;0;372;430;372
20;0.999;1;2000;2000;0;0;372;430;372
20;0.999;1;2000;2000;0;0;372;430;372
20;0.999;1;2000;2000;0;0;372;430;372
20;0.999;1;2000;2000;0;0;372;430;372
20;0.999;1;5000;5000;0;0;372;430;372
20;0.999;1;5000;5000;0;0;372;430;372
20;0.999;1;5000;5000;0;0;372;430;372
20;0.999;1;5000;5000;0;0;372;430;372
20;0.999;1;5000;5000;0;0;372;430;372
20;0.999;1;5000;5000;0;0;372;430;372
20;0.999;1;5000;5000;0;0;372;430;372
20;0.999;1;5000;5000;0;0;372;430;372
20;0.999;1;5000;5000;0;0;372;430;372
20;0.999;1;5000;5000;0;0;372;430;372
20;0.999;10;1000;48080;48073;47076;429;430;372
20;0.999;10;1000;48080;48073;47076;429;430;372
20;0.999;10;1000;48080;48073;47076;429;430;372
20;0.999;10;1000;48080;48073;47076;429;430;372
20;0.999;10;1000;48080;48073;47076;429;430;372
20;0.999;10;1000;48080;48073;47076;429;430;372
20;0.999;10;1000;48080;48073;47076;429;430;372
20;0.999;10;1000;48080;48073;47076;429;430;372
20;0.999;10;1000;48080;48073;47076;429;430;372
20;0.999;10;1000;48080;48073;47076;429;430;372
20;0.999;10;2000;49080;49078;47076;429;430;372
20;0.999;10;2000;49080;49078;47076;429;430;372
20;0.999;10;2000;49080;49078;47076;429;430;372
20;0.999;10;2000;49080;49078;47076;429;430;372
20;0.999;10;2000;49080;49078;47076;429;430;372
20;0.999;10;2000;49080;49078;47076;429;430;372
20;0.999;10;2000;49080;49078;47076;429;430;372
20;0.999;10;2000;49080;49078;47076;429;430;372
20;0.999;10;2000;49080;49078;47076;429;430;372
20;0.999;10;2000;49080;49078;47076;429;430;372
20;0.999;10;5000;52080;52051;47076;429;430;372
20;0.999;10;5000;52080;52051;47076;429;430;372
20;0.999;10;5000;52080;52051;47076;429;430;372
20;0.999;10;5000;52080;52051;47076;429;430;372
20;0.999;10;5000;52080;52051;47076;429;430;372
20;0.999;10;5000;52080;52051;47076;429;430;372
20;0.999;10;5000;52080;52051;47076;429;430;372
20;0.999;10;5000;52080;52051;47076;429;430;372
20;0.999;10;5000;52080;52051;47076;429;430;372
20;0.999;10;5000;52080;52051;47076;429;430;372
20;0.999;100;1000;446600;446572;445519;429;430;372
20;0.999;100;1000;446600;446572;445519;429;430;372
20;0.999;100;1000;446600;446572;445519;429;430;372
20;0.999;100;1000;446600;446572;445519;429;430;372
20;0.999;100;1000;446600;446572;445519;429;430;372
20;0.999;100;1000;446600;446572;445519;429;430;372
20;0.999;100;1000;446600;446572;445519;429;430;372
20;0.999;100;1000;446600;446572;445519;429;430;372
20;0.999;100;1000;446600;446572;445519;429;430;372
20;0.999;100;1000;446600;446572;445519;429;430;372
20;0.999;100;2000;467900;467899;465814;429;430;372
20;0.999;100;2000;467900;467899;465814;429;430;372
20;0.999;100;2000;467900;467899;465814;429;430;372
20;0.999;100;2000;467900;467899;465814;429;430;372
20;0.999;100;2000;467900;467899;465814;429;430;372
20;0.999;100;2000;467900;467899;465814;429;430;372
20;0.999;100;2000;467900;467899;465814;429;430;372
20;0.999;100;2000;467900;467899;465814;429;430;372
20;0.999;100;2000;467900;467899;465814;429;430;372
20;0.999;100;2000;467900;467899;465814;429;430;372
20;0.999;100;5000;481500;481493;476494;429;430;372
20;0.999;100;5000;481500;481493;476494;429;430;372
20;0.999;100;5000;481500;481493;476494;429;430;372
20;0.999;100;5000;481500;481493;476494;429;430;372
20;0.999;100;5000;481500;481493;476494;429;430;372
20;0.999;100;5000;481500;481493;476494;429;430;372
20;0.999;100;5000;481500;481493;476494;429;430;372
20;0.999;100;5000;481500;481493;476494;429;430;372
20;0.999;100;5000;481500;481493;476494;429;430;372
20;0.999;100;5000;481500;481493;476494;429;430;372
100;0.9;1;1000;1000;0;0;372;430;372
100;0.9;1;1000;1000;0;0;372;430;372
100;0.9;1;1000;1000;0;0;372;430;372
100;0.9;1;1000;1000;0;0;372;430;372
100;0.9;1;1000;1000;0;0;372;430;372
100;0.9;1;1000;1000;0;0;372;430;372
100;0.9;1;1000;1000;0;0;372;430;372
100;0.9;1;1000;1000;0;0;372;430;372
100;0.9;1;1000;1000;0;0;372;430;372
100;0.9;1;1000;1000;0;0;372;430;372
100;0.9;1;2000;2000;0;0;372;430;372
100;0.9;1;2000;2000;0;0;372;430;372
100;0.9;1;2000;2000;0;0;372;430;372
100;0.9;1;2000;2000;0;0;372;430;372
100;0.9;1;2000;2000;0;0;372;430;372
100;0.9;1;2000;2000;0;0;372;430;372
100;0.9;1;2000;2000;0;0;372;430;372
100;0.9;1;2000;2000;0;0;372;430;372
100;0.9;1;2000;2000;0;0;372;430;372
100;0.9;1;2000;2000;0;0;372;430;372
100;0.9;1;5000;5000;0;0;372;430;372
100;0.9;1;5000;5000;0;0;372;430;372
100;0.9;1;5000;5000;0;0;372;430;372
100;0.9;1;5000;5000;0;0;372;430;372
100;0.9;1;5000;5000;0;0;372;430;372
100;0.9;1;5000;5000;0;0;372;430;372
100;0.9;1;5000;5000;0;0;372;430;372
100;0.9;1;5000;5000;0;0;372;430;372
100;0.9;1;5000;5000;0;0;372;430;372
100;0.9;1;5000;5000;0;0;372;430;372
100;0.9;10;1000;3180;3179;2171;427;430;372
100;0.9;10;1000;3180;3179;2171;427;430;372
100;0.9;10;1000;3180;3179;2171;427;430;372
100;0.9;10;1000;3180;3179;2171;427;430;372
100;0.9;10;1000;3180;3179;2171;427;430;372
100;0.9;10;1000;3180;3179;2171;427;430;372
100;0.9;10;1000;3180;3179;2171;427;430;372
100;0.9;10;1000;3180;3179;2171;427;430;372
100;0.9;10;1000;3180;3179;2171;427;430;372
100;0.9;10;1000;3180;3179;2171;427;430;372
100;0.9;10;2000;4180;4176;2171;427;430;372
100;0.9;10;2000;4180;4176;2171;427;430;372
100;0.9;10;2000;4180;4176;2171;427;430;372
100;0.9;10;2000;4180;4176;2171;427;430;372
100;0.9;10;2000;4180;4176;2171;427;430;372
100;0.9;10;2000;4180;4176;2171;427;430;372
100;0.9;10;2000;4180;4176;2171;427;430;372
100;0.9;10;2000;4180;4176;2171;427;430;372
100;0.9;10;2000;4180;4176;2171;427;430;372
100;0.9;10;2000;4180;4176;2171;427;430;372
100;0.9;10;5000;7180;7171;2171;427;430;372
100;0.9;10;5000;7180;7171;2171;427;430;372
100;0.9;10;5000;7180;7171;2171;427;430;372
100;0.9;10;5000;7180;7171;2171;427;430;372
100;0.9;10;5000;7180;7171;2171;427;430;372
100;0.9;10;5000;7180;7171;2171;427;430;372
100;0.9;10;5000;7180;7171;2171;427;430;372
100;0.9;10;5000;7180;7171;2171;427;430;372
100;0.9;10;5000;7180;7171;2171;427;430;372
100;0.9;10;5000;7180;7171;2171;427;430;372
100;0.9;100;1000;7400;7394;6343;425;430;372
100;0.9;100;1000;7400;7394;6343;425;430;372
100;0.9;100;1000;7400;7394;6343;425;430;372
100;0.9;100;1000;7400;7394;6343;425;430;372
100;0.9;100;1000;7400;7394;6343;425;430;372
100;0.9;100;1000;7400;7394;6343;425;430;372
100;0.9;100;1000;7400;7394;6343;425;430;372
100;0.9;100;1000;7400;7394;6343;425;430;372
100;0.9;100;1000;7400;7394;6343;425;430;372
100;0.9;100;1000;7400;7394;6343;425;430;372
100;0.9;100;2000;11500;11481;9425;429;430;372
100;0.9;100;2000;11500;11481;9425;429;430;372
100;0.9;100;2000;11500;11481;9425;429;430;372
100;0.9;100;2000;11500;11481;9425;429;430;372
100;0.9;100;2000;11500;11481;9425;429;430;372
100;0.9;100;2000;11500;11481;9425;429;430;372
100;0.9;100;2000;11500;11481;9425;429;430;372
100;0.9;100;2000;11500;11481;9425;429;430;372
100;0.9;100;2000;11500;11481;9425;429;430;372
100;0.9;100;2000;11500;11481;9425;429;430;372
100;0.9;100;5000;14500;14493;9425;429;430;372
100;0.9;100;5000;14500;14493;9425;429;430;372
100;0.9;100;5000;14500;14493;9425;429;430;372
100;0.9;100;5000;14500;14493;9425;429;430;372
100;0.9;100;5000;14500;14493;9425;429;430;372
100;0.9;100;5000;14500;14493;9425;429;430;372
100;0.9;100;5000;14500;14493;9425;429;430;372
100;0.9;100;5000;14500;14493;9425;429;430;372
100;0.9;100;5000;14500;14493;9425;429;430;372
100;0.9;100;5000;14500;14493;9425;429;430;372
100;0.95;1;1000;1000;0;0;372;430;372
100;0.95;1;1000;1000;0;0;372;430;372
100;0.95;1;1000;1000;0;0;372;430;372
100;0.95;1;1000;1000;0;0;372;430;372
100;0.95;1;1000;1000;0;0;372;430;372
100;0.95;1;1000;1000;0;0;372;430;372
100;0.95;1;1000;1000;0;0;372;430;372
100;0.95;1;1000;1000;0;0;372;430;372
100;0.95;1;1000;1000;0;0;372;430;372
100;0.95;1;1000;1000;0;0;372;430;372
100;0.95;1;2000;2000;0;0;372;430;372
100;0.95;1;2000;2000;0;0;372;430;372
100;0.95;1;2000;2000;0;0;372;430;372
100;0.95;1;2000;2000;0;0;372;430;372
100;0.95;1;2000;2000;0;0;372;430;372
100;0.95;1;2000;2000;0;0;372;430;372
100;0.95;1;2000;2000;0;0;372;430;372
100;0.95;1;2000;2000;0;0;372;430;372
100;0.95;1;2000;2000;0;0;372;430;372
100;0.95;1;2000;2000;0;0;372;430;372
100;0.95;1;5000;5000;0;0;372;430;372
100;0.95;1;5000;5000;0;0;372;430;372
100;0.95;1;5000;5000;0;0;372;430;372
100;0.95;1;5000;5000;0;0;372;430;372
100;0.95;1;5000;5000;0;0;372;430;372
100;0.95;1;5000;5000;0;0;372;430;372
100;0.95;1;5000;5000;0;0;372;430;372
100;0.95;1;5000;5000;0;0;372;430;372
100;0.95;1;5000;5000;0;0;372;430;372
100;0.95;1;5000;5000;0;0;372;430;372
100;0.95;10;1000;3130;3115;2123;424;430;372
100;0.95;10;1000;3130;3115;2123;424;430;372
100;0.95;10;1000;3130;3115;2123;424;430;372
100;0.95;10;1000;3130;3115;2123;424;430;372
100;0.95;10;1000;3130;3115;2123;424;430;372
100;0.95;10;1000;3130;3115;2123;424;430;372
100;0.95;10;1000;3130;3115;2123;424;430;372
100;0.95;10;1000;3130;3115;2123;424;430;372
100;0.95;10;1000;3130;3115;2123;424;430;372
100;0.95;10;1000;3130;3115;2123;424;430;372
100;0.95;10;2000;6720;6713;4717;428;430;372
100;0.95;10;2000;6720;6713;4717;428;430;372
100;0.95;10;2000;6720;6713;4717;428;430;372
100;0.95;10;2000;6720;6713;4717;428;430;372
100;0.95;10;2000;6720;6713;4717;428;430;372
100;0.95;10;2000;6720;6713;4717;428;430;372
100;0.95;10;2000;6720;6713;4717;428;430;372
100;0.95;10;2000;6720;6713;4717;428;430;372
100;0.95;10;2000;6720;6713;4717;428;430;372
100;0.95;10;2000;6720;6713;4717;428;430;372
100;0.95;10;5000;9720;9717;4717;428;430;372
100;0.95;10;5000;9720;9717;4717;428;430;372
100;0.95;10;5000;9720;9717;4717;428;430;372
100;0.95;10;5000;9720;9717;4717;428;430;372
100;0.95;10;5000;9720;9717;4717;428;430;372
100;0.95;10;5000;9720;9717;4717;428;430;372
100;0.95;10;5000;9720;9717;4717;428;430;372
100;0.95;10;5000;9720;9717;4717;428;430;372
100;0.95;10;5000;9720;9717;4717;428;430;372
100;0.95;10;5000;9720;9717;4717;428;430;372
100;0.95;100;1000;13300;13285;12284;429;430;372
100;0.95;100;1000;13300;13285;12284;429;430;372
100;0.95;100;1000;13300;13285;12284;429;430;372
100;0.95;100;1000;13300;13285;12284;429;430;372
100;0.95;100;1000;13300;13285;12284;429;430;372
100;0.95;100;1000;13300;13285;12284;429;430;372
100;0.95;100;1000;13300;13285;12284;429;430;372
100;0.95;100;1000;13300;13285;12284;429;430;372
100;0.95;100;1000;13300;13285;12284;429;430;372
100;0.95;100;1000;13300;13285;12284;429;430;372
100;0.95;100;2000;14300;14295;12284;429;430;372
100;0.95;100;2000;14300;14295;12284;429;430;372
100;0.95;100;2000;14300;14295;12284;429;430;372
100;0.95;100;2000;14300;14295;12284;429;430;372
100;0.95;100;2000;14300;14295;12284;429;430;372
100;0.95;100;2000;14300;14295;12284;429;430;372
100;0.95;100;2000;14300;14295;12284;429;430;372
100;0.95;100;2000;14300;14295;12284;429;430;372
100;0.95;100;2000;14300;14295;12284;429;430;372
100;0.95;100;2000;14300;14295;12284;429;430;372
100;0.95;100;5000;17300;17285;12284;429;430;372
100;0.95;100;5000;17300;17285;12284;429;430;372
100;0.95;100;5000;17300;17285;12284;429;430;372
100;0.95;100;5000;17300;17285;12284;429;430;372
100;0.95;100;5000;17300;17285;12284;429;430;372
100;0.95;100;5000;17300;17285;12284;429;430;372
100;0.95;100;5000;17300;17285;12284;429;430;372
100;0.95;100;5000;17300;17285;12284;429;430;372
100;0.95;100;5000;17300;17285;12284;429;430;372
100;0.95;100;5000;17300;17285;12284;429;430;372
100;0.99;1;1000;1000;0;0;372;430;372
100;0.99;1;1000;1000;0;0;372;430;372
100;0.99;1;1000;1000;0;0;372;430;372
100;0.99;1;1000;1000;0;0;372;430;372
100;0.99;1;1000;1000;0;0;372;430;372
100;0.99;1;1000;1000;0;0;372;430;372
100;0.99;1;1000;1000;0;0;372;430;372
100;0.99;1;1000;1000;0;0;372;430;372
100;0.99;1;1000;1000;0;0;372;430;372
100;0.99;1;1000;1000;0;0;372;430;372
100;0.99;1;2000;2000;0;0;372;430;372
100;0.99;1;2000;2000;0;0;372;430;372
100;0.99;1;2000;2000;0;0;372;430;372
100;0.99;1;2000;2000;0;0;372;430;372
100;0.99;1;2000;2000;0;0;372;430;372
100;0.99;1;2000;2000;0;0;372;430;372
100;0.99;1;2000;2000;0;0;372;430;372
100;0.99;1;2000;2000;0;0;372;430;372
100;0.99;1;2000;2000;0;0;372;430;372
100;0.99;1;2000;2000;0;0;372;430;372
100;0.99;1;5000;5000;0;0;372;430;372
100;0.99;1;5000;5000;0;0;372;430;372
100;0.99;1;5000;5000;0;0;372;430;372
100;0.99;1;5000;5000;0;0;372;430;372
100;0.99;1;5000;5000;0;0;372;430;372
100;0.99;1;5000;5000;0;0;372;430;372
100;0.99;1;5000;5000;0;0;372;430;372
100;0.99;1;5000;5000;0;0;372;430;372
100;0.99;1;5000;5000;0;0;372;430;372
100;0.99;1;5000;5000;0;0;372;430;372
100;0.99;10;1000;7120;7101;6111;428;430;372
100;0.99;10;1000;7120;7101;6111;428;430;372
100;0.99;10;1000;7120;7101;6111;428;430;372
100;0.99;10;1000;7120;7101;6111;428;430;372
100;0.99;10;1000;7120;7101;6111;428;430;372
100;0.99;10;1000;7120;7101;6111;428;430;372
100;0.99;10;1000;7120;7101;6111;428;430;372
100;0.99;10;1000;7120;7101;6111;428;430;372
100;0.99;10;1000;7120;7101;6111;428;430;372
100;0.99;10;1000;7120;7101;6111;428;430;372
100;0.99;10;2000;8120;8095;6111;428;430;372
100;0.99;10;2000;8120;8095;6111;428;430;372
100;0.99;10;2000;8120;8095;6111;428;430;372
100;0.99;10;2000;8120;8095;6111;428;430;372
100;0.99;10;2000;8120;8095;6111;428;430;372
100;0.99;10;2000;8120;8095;6111;428;430;372
100;0.99;10;2000;8120;8095;6111;428;430;372
100;0.99;10;2000;8120;8095;6111;428;430;372
100;0.99;10;2000;8120;8095;6111;428;430;372
100;0.99;10;2000;8120;8095;6111;428;430;372
100;0.99;10;5000;10880;10875;10875;430;430;372
100;0.99;10;5000;10880;10875;10875;430;430;372
100;0.99;10;5000;10880;10875;10875;430;430;372
100;0.99;10;5000;10880;10875;10875;430;430;372
100;0.99;10;5000;10880;10875;10875;430;430;372
100;0.99;10;5000;10880;10875;10875;430;430;372
100;0.99;10;5000;10880;10875;10875;430;430;372
100;0.99;10;5000;10880;10875;10875;430;430;372
100;0.99;10;5000;10880;10875;10875;430;430;372
100;0.99;10;5000;10880;10875;10875;430;430;372
100;0.99;100;1000;57600;57595;57516;430;430;372
100;0.99;100;1000;57600;57595;57516;430;430;372
100;0.99;100;1000;57600;57595;57516;430;430;372
100;0.99;100;1000;57600;57595;57516;430;430;372
100;0.99;100;1000;57600;57595;57516;430;430;372
100;0.99;100;1000;57600;57595;57516;430;430;372
100;0.99;100;1000;57600;57595;57516;430;430;372
100;0.99;100;1000;57600;57595;57516;430;430;372
100;0.99;100;1000;57600;57595;57516;430;430;372
100;0.99;100;1000;57600;57595;57516;430;430;372
100;0.99;100;2000;57600;57595;57516;430;430;372
100;0.99;100;2000;57600;57595;57516;430;430;372
100;0.99;100;2000;57600;57595;57516;430;430;372
100;0.99;100;2000;57600;57595;57516;430;430;372
100;0.99;100;2000;57600;57595;57516;430;430;372
100;0.99;100;2000;57600;57595;57516;430;430;372
100;0.99;100;2000;57600;57595;57516;430;430;372
100;0.99;100;2000;57600;57595;57516;430;430;372
100;0.99;100;2000;57600;57595;57516;430;430;372
100;0.99;100;2000;57600;57595;57516;430;430;372
100;0.99;100;5000;57600;57595;57516;430;430;372
100;0.99;100;5000;57600;57595;57516;430;430;372
100;0.99;100;5000;57600;57595;57516;430;430;372
100;0.99;100;5000;57600;57595;57516;430;430;372
100;0.99;100;5000;57600;57595;57516;430;430;372
100;0.99;100;5000;57600;57595;57516;430;430;372
100;0.99;100;5000;57600;57595;57516;430;430;372
100;0.99;100;5000;57600;57595;57516;430;430;372
100;0.99;100;5000;57600;57595;57516;430;430;372
100;0.99;100;5000;57600;57595;57516;430;430;372
100;0.999;1;1000;1000;0;0;372;430;372
100;0.999;1;1000;1000;0;0;372;430;372
100;0.999;1;1000;1000;0;0;372;430;372
100;0.999;1;1000;1000;0;0;372;430;372
100;0.999;1;1000;1000;0;0;372;430;372
100;0.999;1;1000;1000;0;0;372;430;372
100;0.999;1;1000;1000;0;0;372;430;372
100;0.999;1;1000;1000;0;0;372;430;372
100;0.999;1;1000;1000;0;0;372;430;372
100;0.999;1;1000;1000;0;0;372;430;372
100;0.999;1;2000;2000;0;0;372;430;372
100;0.999;1;2000;2000;0;0;372;430;372
100;0.999;1;2000;2000;0;0;372;430;372
100;0.999;1;2000;2000;0;0;372;430;372
100;0.999;1;2000;2000;0;0;372;430;372
100;0.999;1;2000;2000;0;0;372;430;372
100;0.999;1;2000;2000;0;0;372;430;372
100;0.999;1;2000;2000;0;0;372;430;372
100;0.999;1;2000;2000;0;0;372;430;372
100;0.999;1;2000;2000;0;0;372;430;372
100;0.999;1;5000;5000;0;0;372;430;372
100;0.999;1;5000;5000;0;0;372;430;372
100;0.999;1;5000;5000;0;0;372;430;372
100;0.999;1;5000;5000;0;0;372;430;372
100;0.999;1;5000;5000;0;0;372;430;372
100;0.999;1;5000;5000;0;0;372;430;372
100;0.999;1;5000;5000;0;0;372;430;372
100;0.999;1;5000;5000;0;0;372;430;372
100;0.999;1;5000;5000;0;0;372;430;372
100;0.999;1;5000;5000;0;0;372;430;372
100;0.999;10;1000;63570;63566;62565;428;430;372
100;0.999;10;1000;63570;63566;62565;428;430;372
100;0.999;10;1000;63570;63566;62565;428;430;372
100;0.999;10;1000;63570;63566;62565;428;430;372
100;0.999;10;1000;63570;63566;62565;428;430;372
100;0.999;10;1000;63570;63566;62565;428;430;372
100;0.999;10;1000;63570;63566;62565;428;430;372
100;0.999;10;1000;63570;63566;62565;428;430;372
100;0.999;10;1000;63570;63566;62565;428;430;372
100;0.999;10;1000;63570;63566;62565;428;430;372
100;0.999;10;2000;66060;66053;64056;428;430;372
100;0.999;10;2000;66060;66053;64056;428;430;372
100;0.999;10;2000;66060;66053;64056;428;430;372
100;0.999;10;2000;66060;66053;64056;428;430;372
100;0.999;10;2000;66060;66053;64056;428;430;372
100;0.999;10;2000;66060;66053;64056;428;430;372
100;0.999;10;2000;66060;66053;64056;428;430;372
100;0.999;10;2000;66060;66053;64056;428;430;372
100;0.999;10;2000;66060;66053;64056;428;430;372
100;0.999;10;2000;66060;66053;64056;428;430;372
100;0.999;10;5000;69060;69039;64056;428;430;372
100;0.999;10;5000;69060;69039;64056;428;430;372
100;0.999;10;5000;69060;69039;64056;428;430;372
100;0.999;10;5000;69060;69039;64056;428;430;372
100;0.999;10;5000;69060;69039;64056;428;430;372
100;0.999;10;5000;69060;69039;64056;428;430;372
100;0.999;10;5000;69060;69039;64056;428;430;372
100;0.999;10;5000;69060;69039;64056;428;430;372
100;0.999;10;5000;69060;69039;64056;428;430;372
100;0.999;10;5000;69060;69039;64056;428;430;372
100;0.999;100;1000;602700;602673;602673;430;430;372
100;0.999;100;1000;602700;602673;602673;430;430;372
100;0.999;100;1000;602700;602673;602673;430;430;372
100;0.999;100;1000;602700;602673;602673;430;430;372
100;0.999;100;1000;602700;602673;602673;430;430;372
100;0.999;100;1000;602700;602673;602673;430;430;372
100;0.999;100;1000;602700;602673;602673;430;430;372
100;0.999;100;1000;602700;602673;602673;430;430;372
100;0.999;100;1000;602700;602673;602673;430;430;372
100;0.999;100;1000;602700;602673;602673;430;430;372
100;0.999;100;2000;602700;602673;602673;430;430;372
100;0.999;100;2000;602700;602673;602673;430;430;372
100;0.999;100;2000;602700;602673;602673;430;430;372
100;0.999;100;2000;602700;602673;602673;430;430;372
100;0.999;100;2000;602700;602673;602673;430;430;372
100;0.999;100;2000;602700;602673;602673;430;430;372
100;0.999;100;2000;602700;602673;602673;430;430;372
100;0.999;100;2000;602700;602673;602673;430;430;372
100;0.999;100;2000;602700;602673;602673;430;430;372
100;0.999;100;2000;602700;602673;602673;430;430;372
100;0.999;100;5000;602700;602673;602673;430;430;372
100;0.999;100;5000;602700;602673;602673;430;430;372
100;0.999;100;5000;602700;602673;602673;430;430;372
100;0.999;100;5000;602700;602673;602673;430;430;372
100;0.999;100;5000;602700;602673;602673;430;430;372
100;0.999;100;5000;602700;602673;602673;430;430;372
100;0.999;100;5000;602700;602673;602673;430;430;372
100;0.999;100;5000;602700;602673;602673;430;430;372
100;0.999;100;5000;602700;602673;602673;430;430;372
100;0.999;100;5000;602700;602673;602673;430;430;372
500;0.9;1;1000;1000;0;0;372;430;372
500;0.9;1;1000;1000;0;0;372;430;372
500;0.9;1;1000;1000;0;0;372;430;372
500;0.9;1;1000;1000;0;0;372;430;372
500;0.9;1;1000;1000;0;0;372;430;372
500;0.9;1;1000;1000;0;0;372;430;372
500;0.9;1;1000;1000;0;0;372;430;372
500;0.9;1;1000;1000;0;0;372;430;372
500;0.9;1;1000;1000;0;0;372;430;372
500;0.9;1;1000;1000;0;0;372;430;372
500;0.9;1;2000;2000;0;0;372;430;372
500;0.9;1;2000;2000;0;0;372;430;372
500;0.9;1;2000;2000;0;0;372;430;372
500;0.9;1;2000;2000;0;0;372;430;372
500;0.9;1;2000;2000;0;0;372;430;372
500;0.9;1;2000;2000;0;0;372;430;372
500;0.9;1;2000;2000;0;0;372;430;372
500;0.9;1;2000;2000;0;0;372;430;372
500;0.9;1;2000;2000;0;0;372;430;372
500;0.9;1;2000;2000;0;0;372;430;372
500;0.9;1;5000;5000;0;0;372;430;372
500;0.9;1;5000;5000;0;0;372;430;372
500;0.9;1;5000;5000;0;0;372;430;372
500;0.9;1;5000;5000;0;0;372;430;372
500;0.9;1;5000;5000;0;0;372;430;372
500;0.9;1;5000;5000;0;0;372;430;372
500;0.9;1;5000;5000;0;0;372;430;372
500;0.9;1;5000;5000;0;0;372;430;372
500;0.9;1;5000;5000;0;0;372;430;372
500;0.9;1;5000;5000;0;0;372;430;372
500;0.9;10;1000;2230;2228;1228;423;430;372
500;0.9;10;1000;2230;2228;1228;423;430;372
500;0.9;10;1000;2230;2228;1228;423;430;372
500;0.9;10;1000;2230;2228;1228;423;430;372
500;0.9;10;1000;2230;2228;1228;423;430;372
500;0.9;10;1000;2230;2228;1228;423;430;372
500;0.9;10;1000;2230;2228;1228;423;430;372
500;0.9;10;1000;2230;2228;1228;423;430;372
500;0.9;10;1000;2230;2228;1228;423;430;372
500;0.9;10;1000;2230;2228;1228;423;430;372
500;0.9;10;2000;4920;4915;2914;428;430;372
500;0.9;10;2000;4920;4915;2914;428;430;372
500;0.9;10;2000;4920;4915;2914;428;430;372
500;0.9;10;2000;4920;4915;2914;428;430;372
500;0.9;10;2000;4920;4915;2914;428;430;372
500;0.9;10;2000;4920;4915;2914;428;430;372
500;0.9;10;2000;4920;4915;2914;428;430;372
500;0.9;10;2000;4920;4915;2914;428;430;372
500;0.9;10;2000;4920;4915;2914;428;430;372
500;0.9;10;2000;4920;4915;2914;428;430;372
500;0.9;10;5000;7920;7915;2914;428;430;372
500;0.9;10;5000;7920;7915;2914;428;430;372
500;0.9;10;5000;7920;7915;2914;428;430;372
500;0.9;10;5000;7920;7915;2914;428;430;372
500;0.9;10;5000;7920;7915;2914;428;430;372
500;0.9;10;5000;7920;7915;2914;428;430;372
500;0.9;10;5000;7920;7915;2914;428;430;372
500;0.9;10;5000;7920;7915;2914;428;430;372
500;0.9;10;5000;7920;7915;2914;428;430;372
500;0.9;10;5000;7920;7915;2914;428;430;372
500;0.9;100;1000;8600;8578;7505;426;430;372
500;0.9;100;1000;8600;8578;7505;426;430;372
500;0.9;100;1000;8600;8578;7505;426;430;372
500;0.9;100;1000;8600;8578;7505;426;430;372
500;0.9;100;1000;8600;8578;7505;426;430;372
500;0.9;100;1000;8600;8578;7505;426;430;372
500;0.9;100;1000;8600;8578;7505;426;430;372
500;0.9;100;1000;8600;8578;7505;426;430;372
500;0.9;100;1000;8600;8578;7505;426;430;372
500;0.9;100;1000;8600;8578;7505;426;430;372
500;0.9;100;2000;10800;10773;8769;427;430;372
500;0.9;100;2000;10800;10773;8769;427;430;372
500;0.9;100;2000;10800;10773;8769;427;430;372
500;0.9;100;2000;10800;10773;8769;427;430;372
500;0.9;100;2000;10800;10773;8769;427;430;372
500;0.9;100;2000;10800;10773;8769;427;430;372
500;0.9;100;2000;10800;10773;8769;427;430;372
500;0.9;100;2000;10800;10773;8769;427;430;372
500;0.9;100;2000;10800;10773;8769;427;430;372
500;0.9;100;2000;10800;10773;8769;427;430;372
500;0.9;100;5000;13800;13773;8769;427;430;372
500;0.9;100;5000;13800;13773;8769;427;430;372
500;0.9;100;5000;13800;13773;8769;427;430;372
500;0.9;100;5000;13800;13773;8769;427;430;372
500;0.9;100;5000;13800;13773;8769;427;430;372
500;0.9;100;5000;13800;13773;8769;427;430;372
500;0.9;100;5000;13800;13773;8769;427;430;372
500;0.9;100;5000;13800;13773;8769;427;430;372
500;0.9;100;5000;13800;13773;8769;427;430;372
500;0.9;100;5000;13800;13773;8769;427;430;372
500;0.95;1;1000;1000;0;0;372;430;372
500;0.95;1;1000;1000;0;0;372;430;372
500;0.95;1;1000;1000;0;0;372;430;372
500;0.95;1;1000;1000;0;0;372;430;372
500;0.95;1;1000;1000;0;0;372;430;372
500;0.95;1;1000;1000;0;0;372;430;372
500;0.95;1;1000;1000;0;0;372;430;372
500;0.95;1;1000;1000;0;0;372;430;372
500;0.95;1;1000;1000;0;0;372;430;372
500;0.95;1;1000;1000;0;0;372;430;372
500;0.95;1;2000;2000;0;0;372;430;372
500;0.95;1;2000;2000;0;0;372;430;372
500;0.95;1;2000;2000;0;0;372;430;372
500;0.95;1;2000;2000;0;0;372;430;372
500;0.95;1;2000;2000;0;0;372;430;372
500;0.95;1;2000;2000;0;0;372;430;372
500;0.95;1;2000;2000;0;0;372;430;372
500;0.95;1;2000;2000;0;0;372;430;372
500;0.95;1;2000;2000;0;0;372;430;372
500;0.95;1;2000;2000;0;0;372;430;372
500;0.95;1;5000;5000;0;0;372;430;372
500;0.95;1;5000;5000;0;0;372;430;372
500;0.95;1;5000;5000;0;0;372;430;372
500;0.95;1;5000;5000;0;0;372;430;372
500;0.95;1;5000;5000;0;0;372;430;372
500;0.95;1;5000;5000;0;0;372;430;372
500;0.95;1;5000;5000;0;0;372;430;372
500;0.95;1;5000;5000;0;0;372;430;372
500;0.95;1;5000;5000;0;0;372;430;372
500;0.95;1;5000;5000;0;0;372;430;372
500;0.95;10;1000;3030;3024;2023;427;430;372
500;0.95;10;1000;3030;3024;2023;427;430;372
500;0.95;10;1000;3030;3024;2023;427;430;372
500;0.95;10;1000;3030;3024;2023;427;430;372
500;0.95;10;1000;3030;3024;2023;427;430;372
500;0.95;10;1000;3030;3024;2023;427;430;372
500;0.95;10;1000;3030;3024;2023;427;430;372
500;0.95;10;1000;3030;3024;2023;427;430;372
500;0.95;10;1000;3030;3024;2023;427;430;372
500;0.95;10;1000;3030;3024;2023;427;430;372
500;0.95;10;2000;4030;4024;2023;427;430;372
500;0.95;10;2000;4030;4024;2023;427;430;372
500;0.95;10;2000;4030;4024;2023;427;430;372
500;0.95;10;2000;4030;4024;2023;427;430;372
500;0.95;10;2000;4030;4024;2023;427;430;372
500;0.95;10;2000;4030;4024;2023;427;430;372
500;0.95;10;2000;4030;4024;2023;427;430;372
500;0.95;10;2000;4030;4024;2023;427;430;372
500;0.95;10;2000;4030;4024;2023;427;430;372
500;0.95;10;2000;4030;4024;2023;427;430;372
500;0.95;10;5000;7030;7018;2023;427;430;372
500;0.95;10;5000;7030;7018;2023;427;430;372
500;0.95;10;5000;7030;7018;2023;427;430;372
500;0.95;10;5000;7030;7018;2023;427;430;372
500;0.95;10;5000;7030;7018;2023;427;430;372
500;0.95;10;5000;7030;7018;2023;427;430;372
500;0.95;10;5000;7030;7018;2023;427;430;372
500;0.95;10;5000;7030;7018;2023;427;430;372
500;0.95;10;5000;7030;7018;2023;427;430;372
500;0.95;10;5000;7030;7018;2023;427;430;372
500;0.95;100;1000;14700;14694;14678;430;430;372
500;0.95;100;1000;14700;14694;14678;430;430;372
500;0.95;100;1000;14700;14694;14678;430;430;372
500;0.95;100;1000;14700;14694;14678;430;430;372
500;0.95;100;1000;14700;14694;14678;430;430;372
500;0.95;100;1000;14700;14694;14678;430;430;372
500;0.95;100;1000;14700;14694;14678;430;430;372
500;0.95;100;1000;14700;14694;14678;430;430;372
500;0.95;100;1000;14700;14694;14678;430;430;372
500;0.95;100;1000;14700;14694;14678;430;430;372
500;0.95;100;2000;14700;14694;14678;430;430;372
500;0.95;100;2000;14700;14694;14678;430;430;372
500;0.95;100;2000;14700;14694;14678;430;430;372
500;0.95;100;2000;14700;14694;14678;430;430;372
500;0.95;100;2000;14700;14694;14678;430;430;372
500;0.95;100;2000;14700;14694;14678;430;430;372
500;0.95;100;2000;14700;14694;14678;430;430;372
500;0.95;100;2000;14700;14694;14678;430;430;372
500;0.95;100;2000;14700;14694;14678;430;430;372
500;0.95;100;2000;14700;14694;14678;430;430;372
500;0.95;100;5000;14700;14694;14678;430;430;372
500;0.95;100;5000;14700;14694;14678;430;430;372
500;0.95;100;5000;14700;14694;14678;430;430;372
500;0.95;100;5000;14700;14694;14678;430;430;372
500;0.95;100;5000;14700;14694;14678;430;430;372
500;0.95;100;5000;14700;14694;14678;430;430;372
500;0.95;100;5000;14700;14694;14678;430;430;372
500;0.95;100;5000;14700;14694;14678;430;430;372
500;0.95;100;5000;14700;14694;14678;430;430;372
500;0.95;100;5000;14700;14694;14678;430;430;372
500;0.99;1;1000;1000;0;0;372;430;372
500;0.99;1;1000;1000;0;0;372;430;372
500;0.99;1;1000;1000;0;0;372;430;372
500;0.99;1;1000;1000;0;0;372;430;372
500;0.99;1;1000;1000;0;0;372;430;372
500;0.99;1;1000;1000;0;0;372;430;372
500;0.99;1;1000;1000;0;0;372;430;372
500;0.99;1;1000;1000;0;0;372;430;372
500;0.99;1;1000;1000;0;0;372;430;372
500;0.99;1;1000;1000;0;0;372;430;372
500;0.99;1;2000;2000;0;0;372;430;372
500;0.99;1;2000;2000;0;0;372;430;372
500;0.99;1;2000;2000;0;0;372;430;372
500;0.99;1;2000;2000;0;0;372;430;372
500;0.99;1;2000;2000;0;0;372;430;372
500;0.99;1;2000;2000;0;0;372;430;372
500;0.99;1;2000;2000;0;0;372;430;372
500;0.99;1;2000;2000;0;0;372;430;372
500;0.99;1;2000;2000;0;0;372;430;372
500;0.99;1;2000;2000;0;0;372;430;372
500;0.99;1;5000;5000;0;0;372;430;372
500;0.99;1;5000;5000;0;0;372;430;372
500;0.99;1;5000;5000;0;0;372;430;372
500;0.99;1;5000;5000;0;0;372;430;372
500;0.99;1;5000;5000;0;0;372;430;372
500;0.99;1;5000;5000;0;0;372;430;372
500;0.99;1;5000;5000;0;0;372;430;372
500;0.99;1;5000;5000;0;0;372;430;372
500;0.99;1;5000;5000;0;0;372;430;372
500;0.99;1;5000;5000;0;0;372;430;372
500;0.99;10;1000;9010;8983;8002;426;430;372
500;0.99;10;1000;9010;8983;8002;426;430;372
500;0.99;10;1000;9010;8983;8002;426;430;372
500;0.99;10;1000;9010;8983;8002;426;430;372
500;0.99;10;1000;9010;8983;8002;426;430;372
500;0.99;10;1000;9010;8983;8002;426;430;372
500;0.99;10;1000;9010;8983;8002;426;430;372
500;0.99;10;1000;9010;8983;8002;426;430;372
500;0.99;10;1000;9010;8983;8002;426;430;372
500;0.99;10;1000;9010;8983;8002;426;430;372
500;0.99;10;2000;10010;9984;8002;426;430;372
500;0.99;10;2000;10010;9984;8002;426;430;372
500;0.99;10;2000;10010;9984;8002;426;430;372
500;0.99;10;2000;10010;9984;8002;426;430;372
500;0.99;10;2000;10010;9984;8002;426;430;372
500;0.99;10;2000;10010;9984;8002;426;430;372
500;0.99;10;2000;10010;9984;8002;426;430;372
500;0.99;10;2000;10010;9984;8002;426;430;372
500;0.99;10;2000;10010;9984;8002;426;430;372
500;0.99;10;2000;10010;9984;8002;426;430;372
500;0.99;10;5000;13010;12998;8002;426;430;372
500;0.99;10;5000;13010;12998;8002;426;430;372
500;0.99;10;5000;13010;12998;8002;426;430;372
500;0.99;10;5000;13010;12998;8002;426;430;372
500;0.99;10;5000;13010;12998;8002;426;430;372
500;0.99;10;5000;13010;12998;8002;426;430;372
500;0.99;10;5000;13010;12998;8002;426;430;372
500;0.99;10;5000;13010;12998;8002;426;430;372
500;0.99;10;5000;13010;12998;8002;426;430;372
500;0.99;10;5000;13010;12998;8002;426;430;372
500;0.99;100;1000;80200;80191;79190;429;430;372
500;0.99;100;1000;80200;80191;79190;429;430;372
500;0.99;100;1000;80200;80191;79190;429;430;372
500;0.99;100;1000;80200;80191;79190;429;430;372
500;0.99;100;1000;80200;80191;79190;429;430;372
500;0.99;100;1000;80200;80191;79190;429;430;372
500;0.99;100;1000;80200;80191;79190;429;430;372
500;0.99;100;1000;80200;80191;79190;429;430;372
500;0.99;100;1000;80200;80191;79190;429;430;372
500;0.99;100;1000;80200;80191;79190;429;430;372
500;0.99;100;2000;81200;81176;79190;429;430;372
500;0.99;100;2000;81200;81176;79190;429;430;372
500;0.99;100;2000;81200;81176;79190;429;430;372
500;0.99;100;2000;81200;81176;79190;429;430;372
500;0.99;100;2000;81200;81176;79190;429;430;372
500;0.99;100;2000;81200;81176;79190;429;430;372
500;0.99;100;2000;81200;81176;79190;429;430;372
500;0.99;100;2000;81200;81176;79190;429;430;372
500;0.99;100;2000;81200;81176;79190;429;430;372
500;0.99;100;2000;81200;81176;79190;429;430;372
500;0.99;100;5000;84200;84191;79190;429;430;372
500;0.99;100;5000;84200;84191;79190;429;430;372
500;0.99;100;5000;84200;84191;79190;429;430;372
500;0.99;100;5000;84200;84191;79190;429;430;372
500;0.99;100;5000;84200;84191;79190;429;430;372
500;0.99;100;5000;84200;84191;79190;429;430;372
500;0.99;100;5000;84200;84191;79190;429;430;372
500;0.99;100;5000;84200;84191;79190;429;430;372
500;0.99;100;5000;84200;84191;79190;429;430;372
500;0.99;100;5000;84200;84191;79190;429;430;372
500;0.999;1;1000;1000;0;0;372;430;372
500;0.999;1;1000;1000;0;0;372;430;372
500;0.999;1;1000;1000;0;0;372;430;372
500;0.999;1;1000;1000;0;0;372;430;372
500;0.999;1;1000;1000;0;0;372;430;372
500;0.999;1;1000;1000;0;0;372;430;372
500;0.999;1;1000;1000;0;0;372;430;372
500;0.999;1;1000;1000;0;0;372;430;372
500;0.999;1;1000;1000;0;0;372;430;372
500;0.999;1;1000;1000;0;0;372;430;372
500;0.999;1;2000;2000;0;0;372;430;372
500;0.999;1;2000;2000;0;0;372;430;372
500;0.999;1;2000;2000;0;0;372;430;372
500;0.999;1;2000;2000;0;0;372;430;372
500;0.999;1;2000;2000;0;0;372;430;372
500;0.999;1;2000;2000;0;0;372;430;372
500;0.999;1;2000;2000;0;0;372;430;372
500;0.999;1;2000;2000;0;0;372;430;372
500;0.999;1;2000;2000;0;0;372;430;372
500;0.999;1;2000;2000;0;0;372;430;372
500;0.999;1;5000;5000;0;0;372;430;372
500;0.999;1;5000;5000;0;0;372;430;372
500;0.999;1;5000;5000;0;0;372;430;372
500;0.999;1;5000;5000;0;0;372;430;372
500;0.999;1;5000;5000;0;0;372;430;372
500;0.999;1;5000;5000;0;0;372;430;372
500;0.999;1;5000;5000;0;0;372;430;372
500;0.999;1;5000;5000;0;0;372;430;372
500;0.999;1;5000;5000;0;0;372;430;372
500;0.999;1;5000;5000;0;0;372;430;372
500;0.999;10;1000;79340;79321;78331;429;430;372
500;0.999;10;1000;79340;79321;78331;429;430;372
500;0.999;10;1000;79340;79321;78331;429;430;372
500;0.999;10;1000;79340;79321;78331;429;430;372
500;0.999;10;1000;79340;79321;78331;429;430;372
500;0.999;10;1000;79340;79321;78331;429;430;372
500;0.999;10;1000;79340;79321;78331;429;430;372
500;0.999;10;1000;79340;79321;78331;429;430;372
500;0.999;10;1000;79340;79321;78331;429;430;372
500;0.999;10;1000;79340;79321;78331;429;430;372
500;0.999;10;2000;80340;80336;78331;429;430;372
500;0.999;10;2000;80340;80336;78331;429;430;372
500;0.999;10;2000;80340;80336;78331;429;430;372
500;0.999;10;2000;80340;80336;78331;429;430;372
500;0.999;10;2000;80340;80336;78331;429;430;372
500;0.999;10;2000;80340;80336;78331;429;430;372
500;0.999;10;2000;80340;80336;78331;429;430;372
500;0.999;10;2000;80340;80336;78331;429;430;372
500;0.999;10;2000;80340;80336;78331;429;430;372
500;0.999;10;2000;80340;80336;78331;429;430;372
500;0.999;10;5000;83340;83308;78331;429;430;372
500;0.999;10;5000;83340;83308;78331;429;430;372
500;0.999;10;5000;83340;83308;78331;429;430;372
500;0.999;10;5000;83340;83308;78331;429;430;372
500;0.999;10;5000;83340;83308;78331;429;430;372
500;0.999;10;5000;83340;83308;78331;429;430;372
500;0.999;10;5000;83340;83308;78331;429;430;372
500;0.999;10;5000;83340;83308;78331;429;430;372
500;0.999;10;5000;83340;83308;78331;429;430;372
500;0.999;10;5000;83340;83308;78331;429;430;372
500;0.999;100;1000;743400;743391;743376;430;430;372
500;0.999;100;1000;743400;743391;743376;430;430;372
500;0.999;100;1000;743400;743391;743376;430;430;372
500;0.999;100;1000;743400;743391;743376;430;430;372
500;0.999;100;1000;743400;743391;743376;430;430;372
500;0.999;100;1000;743400;743391;743376;430;430;372
500;0.999;100;1000;743400;743391;743376;430;430;372
500;0.999;100;1000;743400;743391;743376;430;430;372
500;0.999;100;1000;743400;743391;743376;430;430;372
500;0.999;100;1000;743400;743391;743376;430;430;372
500;0.999;100;2000;743400;743391;743376;430;430;372
500;0.999;100;2000;743400;743391;743376;430;430;372
500;0.999;100;2000;743400;743391;743376;430;430;372
500;0.999;100;2000;743400;743391;743376;430;430;372
500;0.999;100;2000;743400;743391;743376;430;430;372
500;0.999;100;2000;743400;743391;743376;430;430;372
500;0.999;100;2000;743400;743391;743376;430;430;372
500;0.999;100;2000;743400;743391;743376;430;430;372
500;0.999;100;2000;743400;743391;743376;430;430;372
500;0.999;100;2000;743400;743391;743376;430;430;372
500;0.999;100;5000;743400;743391;743376;430;430;372
500;0.999;100;5000;743400;743391;743376;430;430;372
500;0.999;100;5000;743400;743391;743376;430;430;372
500;0.999;100;5000;743400;743391;743376;430;430;372
500;0.999;100;5000;743400;743391;743376;430;430;372
500;0.999;100;5000;743400;743391;743376;430;430;372
500;0.999;100;5000;743400;743391;743376;430;430;372
500;0.999;100;5000;743400;743391;743376;430;430;372
500;0.999;100;5000;743400;743391;743376;430;430;372
500;0.999;100;5000;743400;743391;743376;430;430;372
1000;0.9;1;1000;1000;0;0;372;430;372
1000;0.9;1;1000;1000;0;0;372;430;372
1000;0.9;1;1000;1000;0;0;372;430;372
1000;0.9;1;1000;1000;0;0;372;430;372
1000;0.9;1;1000;1000;0;0;372;430;372
1000;0.9;1;1000;1000;0;0;372;430;372
1000;0.9;1;1000;1000;0;0;372;430;372
1000;0.9;1;1000;1000;0;0;372;430;372
1000;0.9;1;1000;1000;0;0;372;430;372
1000;0.9;1;1000;1000;0;0;372;430;372
1000;0.9;1;2000;2000;0;0;372;430;372
1000;0.9;1;2000;2000;0;0;372;430;372
1000;0.9;1;2000;2000;0;0;372;430;372
1000;0.9;1;2000;2000;0;0;372;430;372
1000;0.9;1;2000;2000;0;0;372;430;372
1000;0.9;1;2000;2000;0;0;372;430;372
1000;0.9;1;2000;2000;0;0;372;430;372
1000;0.9;1;2000;2000;0;0;372;430;372
1000;0.9;1;2000;2000;0;0;372;430;372
1000;0.9;1;2000;2000;0;0;372;430;372
1000;0.9;1;5000;5000;0;0;372;430;372
1000;0.9;1;5000;5000;0;0;372;430;372
1000;0.9;1;5000;5000;0;0;372;430;372
1000;0.9;1;5000;5000;0;0;372;430;372
1000;0.9;1;5000;5000;0;0;372;430;372
1000;0.9;1;5000;5000;0;0;372;430;372
1000;0.9;1;5000;5000;0;0;372;430;372
1000;0.9;1;5000;5000;0;0;372;430;372
1000;0.9;1;5000;5000;0;0;372;430;372
1000;0.9;1;5000;5000;0;0;372;430;372
1000;0.9;10;1000;2460;2439;1457;426;430;372
1000;0.9;10;1000;2460;2439;1457;426;430;372
1000;0.9;10;1000;2460;2439;1457;426;430;372
1000;0.9;10;1000;2460;2439;1457;426;430;372
1000;0.9;10;1000;2460;2439;1457;426;430;372
1000;0.9;10;1000;2460;2439;1457;426;430;372
1000;0.9;10;1000;2460;2439;1457;426;430;372
1000;0.9;10;1000;2460;2439;1457;426;430;372
1000;0.9;10;1000;2460;2439;1457;426;430;372
1000;0.9;10;1000;2460;2439;1457;426;430;372
1000;0.9;10;2000;3460;3411;1457;426;430;372
1000;0.9;10;2000;3460;3411;1457;426;430;372
1000;0.9;10;2000;3460;3411;1457;426;430;372
1000;0.9;10;2000;3460;3411;1457;426;430;372
1000;0.9;10;2000;3460;3411;1457;426;430;372
1000;0.9;10;2000;3460;3411;1457;426;430;372
1000;0.9;10;2000;3460;3411;1457;426;430;372
1000;0.9;10;2000;3460;3411;1457;426;430;372
1000;0.9;10;2000;3460;3411;1457;426;430;372
1000;0.9;10;2000;3460;3411;1457;426;430;372
1000;0.9;10;5000;6460;6438;1457;426;430;372
1000;0.9;10;5000;6460;6438;1457;426;430;372
1000;0.9;10;5000;6460;6438;1457;426;430;372
1000;0.9;10;5000;6460;6438;1457;426;430;372
1000;0.9;10;5000;6460;6438;1457;426;430;372
1000;0.9;10;5000;6460;6438;1457;426;430;372
1000;0.9;10;5000;6460;6438;1457;426;430;372
1000;0.9;10;5000;6460;6438;1457;426;430;372
1000;0.9;10;5000;6460;6438;1457;426;430;372
1000;0.9;10;5000;6460;6438;1457;426;430;372
1000;0.9;100;1000;9000;8991;7952;429;430;372
1000;0.9;100;1000;9000;8991;7952;429;430;372
1000;0.9;100;1000;9000;8991;7952;429;430;372
1000;0.9;100;1000;9000;8991;7952;429;430;372
1000;0.9;100;1000;9000;8991;7952;429;430;372
1000;0.9;100;1000;9000;8991;7952;429;430;372
1000;0.9;100;1000;9000;8991;7952;429;430;372
1000;0.9;100;1000;9000;8991;7952;429;430;372
1000;0.9;100;1000;9000;8991;7952;429;430;372
1000;0.9;100;1000;9000;8991;7952;429;430;372
1000;0.9;100;2000;10000;9985;7952;429;430;372
1000;0.9;100;2000;10000;9985;7952;429;430;372
1000;0.9;100;2000;10000;9985;7952;429;430;372
1000;0.9;100;2000;10000;9985;7952;429;430;372
1000;0.9;100;2000;10000;9985;7952;429;430;372
1000;0.9;100;2000;10000;9985;7952;429;430;372
1000;0.9;100;2000;10000;9985;7952;429;430;372
1000;0.9;100;2000;10000;9985;7952;429;430;372
1000;0.9;100;2000;10000;9985;7952;429;430;372
1000;0.9;100;2000;10000;9985;7952;429;430;372
1000;0.9;100;5000;13000;12998;7952;429;430;372
1000;0.9;100;5000;13000;12998;7952;429;430;372
1000;0.9;100;5000;13000;12998;7952;429;430;372
1000;0.9;100;5000;13000;12998;7952;429;430;372
1000;0.9;100;5000;13000;12998;7952;429;430;372
1000;0.9;100;5000;13000;12998;7952;429;430;372
1000;0.9;100;5000;13000;12998;7952;429;430;372
1000;0.9;100;5000;13000;12998;7952;429;430;372
1000;0.9;100;5000;13000;12998;7952;429;430;372
1000;0.9;100;5000;13000;12998;7952;429;430;372
1000;0.95;1;1000;1000;0;0;372;430;372
1000;0.95;1;1000;1000;0;0;372;430;372
1000;0.95;1;1000;1000;0;0;372;430;372
1000;0.95;1;1000;1000;0;0;372;430;372
1000;0.95;1;1000;1000;0;0;372;430;372
1000;0.95;1;1000;1000;0;0;372;430;372
1000;0.95;1;1000;1000;0;0;372;430;372
1000;0.95;1;1000;1000;0;0;372;430;372
1000;0.95;1;1000;1000;0;0;372;430;372
1000;0.95;1;1000;1000;0;0;372;430;372
1000;0.95;1;2000;2000;0;0;372;430;372
1000;0.95;1;2000;2000;0;0;372;430;372
1000;0.95;1;2000;2000;0;0;372;430;372
1000;0.95;1;2000;2000;0;0;372;430;372
1000;0.95;1;2000;2000;0;0;372;430;372
1000;0.95;1;2000;2000;0;0;372;430;372
1000;0.95;1;2000;2000;0;0;372;430;372
1000;0.95;1;2000;2000;0;0;372;430;372
1000;0.95;1;2000;2000;0;0;372;430;372
1000;0.95;1;2000;2000;0;0;372;430;372
1000;0.95;1;5000;5000;0;0;372;430;372
1000;0.95;1;5000;5000;0;0;372;430;372
1000;0.95;1;5000;5000;0;0;372;430;372
1000;0.95;1;5000;5000;0;0;372;430;372
1000;0.95;1;5000;5000;0;0;372;430;372
1000;0.95;1;5000;5000;0;0;372;430;372
1000;0.95;1;5000;5000;0;0;372;430;372
1000;0.95;1;5000;5000;0;0;372;430;372
1000;0.95;1;5000;5000;0;0;372;430;372
1000;0.95;1;5000;5000;0;0;372;430;372
1000;0.95;10;1000;5020;5016;4013;428;430;372
1000;0.95;10;1000;5020;5016;4013;428;430;372
1000;0.95;10;1000;5020;5016;4013;428;430;372
1000;0.95;10;1000;5020;5016;4013;428;430;372
1000;0.95;10;1000;5020;5016;4013;428;430;372
1000;0.95;10;1000;5020;5016;4013;428;430;372
1000;0.95;10;1000;5020;5016;4013;428;430;372
1000;0.95;10;1000;5020;5016;4013;428;430;372
1000;0.95;10;1000;5020;5016;4013;428;430;372
1000;0.95;10;1000;5020;5016;4013;428;430;372
1000;0.95;10;2000;6020;6006;4013;428;430;372
1000;0.95;10;2000;6020;6006;4013;428;430;372
1000;0.95;10;2000;6020;6006;4013;428;430;372
1000;0.95;10;2000;6020;6006;4013;428;430;372
1000;0.95;10;2000;6020;6006;4013;428;430;372
1000;0.95;10;2000;6020;6006;4013;428;430;372
1000;0.95;10;2000;6020;6006;4013;428;430;372
1000;0.95;10;2000;6020;6006;4013;428;430;372
1000;0.95;10;2000;6020;6006;4013;428;430;372
1000;0.95;10;2000;6020;6006;4013;428;430;372
1000;0.95;10;5000;9020;8979;4013;428;430;372
1000;0.95;10;5000;9020;8979;4013;428;430;372
1000;0.95;10;5000;9020;8979;4013;428;430;372
1000;0.95;10;5000;9020;8979;4013;428;430;372
1000;0.95;10;5000;9020;8979;4013;428;430;372
1000;0.95;10;5000;9020;8979;4013;428;430;372
1000;0.95;10;5000;9020;8979;4013;428;430;372
1000;0.95;10;5000;9020;8979;4013;428;430;372
1000;0.95;10;5000;9020;8979;4013;428;430;372
1000;0.95;10;5000;9020;8979;4013;428;430;372
1000;0.95;100;1000;17900;17882;16897;429;430;372
1000;0.95;100;1000;17900;17882;16897;429;430;372
1000;0.95;100;1000;17900;17882;16897;429;430;372
1000;0.95;100;1000;17900;17882;16897;429;430;372
1000;0.95;100;1000;17900;17882;16897;429;430;372
1000;0.95;100;1000;17900;17882;16897;429;430;372
1000;0.95;100;1000;17900;17882;16897;429;430;372
1000;0.95;100;1000;17900;17882;16897;429;430;372
1000;0.95;100;1000;17900;17882;16897;429;430;372
1000;0.95;100;1000;17900;17882;16897;429;430;372
1000;0.95;100;2000;18900;18899;16897;429;430;372
1000;0.95;100;2000;18900;18899;16897;429;430;372
1000;0.95;100;2000;18900;18899;16897;429;430;372
1000;0.95;100;2000;18900;18899;16897;429;430;372
1000;0.95;100;2000;18900;18899;16897;429;430;372
1000;0.95;100;2000;18900;18899;16897;429;430;372
1000;0.95;100;2000;18900;18899;16897;429;430;372
1000;0.95;100;2000;18900;18899;16897;429;430;372
1000;0.95;100;2000;18900;18899;16897;429;430;372
1000;0.95;100;2000;18900;18899;16897;429;430;372
1000;0.95;100;5000;19200;19198;19115;430;430;372
1000;0.95;100;5000;19200;19198;19115;430;430;372
1000;0.95;100;5000;19200;19198;19115;430;430;372
1000;0.95;100;5000;19200;19198;19115;430;430;372
1000;0.95;100;5000;19200;19198;19115;430;430;372
1000;0.95;100;5000;19200;19198;19115;430;430;372
1000;0.95;100;5000;19200;19198;19115;430;430;372
1000;0.95;100;5000;19200;19198;19115;430;430;372
1000;0.95;100;5000;19200;19198;19115;430;430;372
1000;0.95;100;5000;19200;19198;19115;430;430;372
1000;0.99;1;1000;1000;0;0;372;430;372
1000;0.99;1;1000;1000;0;0;372;430;372
1000;0.99;1;1000;1000;0;0;372;430;372
1000;0.99;1;1000;1000;0;0;372;430;372
1000;0.99;1;1000;1000;0;0;372;430;372
1000;0.99;1;1000;1000;0;0;372;430;372
1000;0.99;1;1000;1000;0;0;372;430;372
1000;0.99;1;1000;1000;0;0;372;430;372
1000;0.99;1;1000;1000;0;0;372;430;372
1000;0.99;1;1000;1000;0;0;372;430;372
1000;0.99;1;2000;2000;0;0;372;430;372
1000;0.99;1;2000;2000;0;0;372;430;372
1000;0.99;1;2000;2000;0;0;372;430;372
1000;0.99;1;2000;2000;0;0;372;430;372
1000;0.99;1;2000;2000;0;0;372;430;372
1000;0.99;1;2000;2000;0;0;372;430;372
1000;0.99;1;2000;2000;0;0;372;430;372
1000;0.99;1;2000;2000;0;0;372;430;372
1000;0.99;1;2000;2000;0;0;372;430;372
1000;0.99;1;2000;2000;0;0;372;430;372
1000;0.99;1;5000;5000;0;0;372;430;372
1000;0.99;1;5000;5000;0;0;372;430;372
1000;0.99;1;5000;5000;0;0;372;430;372
1000;0.99;1;5000;5000;0;0;372;430;372
1000;0.99;1;5000;5000;0;0;372;430;372
1000;0.99;1;5000;5000;0;0;372;430;372
1000;0.99;1;5000;5000;0;0;372;430;372
1000;0.99;1;5000;5000;0;0;372;430;372
1000;0.99;1;5000;5000;0;0;372;430;372
1000;0.99;1;5000;5000;0;0;372;430;372
1000;0.99;10;1000;9830;9828;8824;426;430;372
1000;0.99;10;1000;9830;9828;8824;426;430;372
1000;0.99;10;1000;9830;9828;8824;426;430;372
1000;0.99;10;1000;9830;9828;8824;426;430;372
1000;0.99;10;1000;9830;9828;8824;426;430;372
1000;0.99;10;1000;9830;9828;8824;426;430;372
1000;0.99;10;1000;9830;9828;8824;426;430;372
1000;0.99;10;1000;9830;9828;8824;426;430;372
1000;0.99;10;1000;9830;9828;8824;426;430;372
1000;0.99;10;1000;9830;9828;8824;426;430;372
1000;0.99;10;2000;10830;10816;8824;426;430;372
1000;0.99;10;2000;10830;10816;8824;426;430;372
1000;0.99;10;2000;10830;10816;8824;426;430;372
1000;0.99;10;2000;10830;10816;8824;426;430;372
1000;0.99;10;2000;10830;10816;8824;426;430;372
1000;0.99;10;2000;10830;10816;8824;426;430;372
1000;0.99;10;2000;10830;10816;8824;426;430;372
1000;0.99;10;2000;10830;10816;8824;426;430;372
1000;0.99;10;2000;10830;10816;8824;426;430;372
1000;0.99;10;2000;10830;10816;8824;426;430;372
1000;0.99;10;5000;13830;13796;8824;426;430;372
1000;0.99;10;5000;13830;13796;8824;426;430;372
1000;0.99;10;5000;13830;13796;8824;426;430;372
1000;0.99;10;5000;13830;13796;8824;426;430;372
1000;0.99;10;5000;13830;13796;8824;426;430;372
1000;0.99;10;5000;13830;13796;8824;426;430;372
1000;0.99;10;5000;13830;13796;8824;426;430;372
1000;0.99;10;5000;13830;13796;8824;426;430;372
1000;0.99;10;5000;13830;13796;8824;426;430;372
1000;0.99;10;5000;13830;13796;8824;426;430;372
1000;0.99;100;1000;86100;86094;85031;429;430;372
1000;0.99;100;1000;86100;86094;85031;429;430;372
1000;0.99;100;1000;86100;86094;85031;429;430;372
1000;0.99;100;1000;86100;86094;85031;429;430;372
1000;0.99;100;1000;86100;86094;85031;429;430;372
1000;0.99;100;1000;86100;86094;85031;429;430;372
1000;0.99;100;1000;86100;86094;85031;429;430;372
1000;0.99;100;1000;86100;86094;85031;429;430;372
1000;0.99;100;1000;86100;86094;85031;429;430;372
1000;0.99;100;1000;86100;86094;85031;429;430;372
1000;0.99;100;2000;89400;89393;87319;429;430;372
1000;0.99;100;2000;89400;89393;87319;429;430;372
1000;0.99;100;2000;89400;89393;87319;429;430;372
1000;0.99;100;2000;89400;89393;87319;429;430;372
1000;0.99;100;2000;89400;89393;87319;429;430;372
1000;0.99;100;2000;89400;89393;87319;429;430;372
1000;0.99;100;2000;89400;89393;87319;429;430;372
1000;0.99;100;2000;89400;89393;87319;429;430;372
1000;0.99;100;2000;89400;89393;87319;429;430;372
1000;0.99;100;2000;89400;89393;87319;429;430;372
1000;0.99;100;5000;92400;92374;87319;429;430;372
1000;0.99;100;5000;92400;92374;87319;429;430;372
1000;0.99;100;5000;92400;92374;87319;429;430;372
1000;0.99;100;5000;92400;92374;87319;429;430;372
1000;0.99;100;5000;92400;92374;87319;429;430;372
1000;0.99;100;5000;92400;92374;87319;429;430;372
1000;0.99;100;5000;92400;92374;87319;429;430;372
1000;0.99;100;5000;92400;92374;87319;429;430;372
1000;0.99;100;5000;92400;92374;87319;429;430;372
1000;0.99;100;5000;92400;92374;87319;429;430;372
1000;0.999;1;1000;1000;0;0;372;430;372
1000;0.999;1;1000;1000;0;0;372;430;372
1000;0.999;1;1000;1000;0;0;372;430;372
1000;0.999;1;1000;1000;0;0;372;430;372
1000;0.999;1;1000;1000;0;0;372;430;372
1000;0.999;1;1000;1000;0;0;372;430;372
1000;0.999;1;1000;1000;0;0;372;430;372
1000;0.999;1;1000;1000;0;0;372;430;372
1000;0.999;1;1000;1000;0;0;372;430;372
1000;0.999;1;1000;1000;0;0;372;430;372
1000;0.999;1;2000;2000;0;0;372;430;372
1000;0.999;1;2000;2000;0;0;372;430;372
1000;0.999;1;2000;2000;0;0;372;430;372
1000;0.999;1;2000;2000;0;0;372;430;372
1000;0.999;1;2000;2000;0;0;372;430;372
1000;0.999;1;2000;2000;0;0;372;430;372
1000;0.999;1;2000;2000;0;0;372;430;372
1000;0.999;1;2000;2000;0;0;372;430;372
1000;0.999;1;2000;2000;0;0;372;430;372
1000;0.999;1;2000;2000;0;0;372;430;372
1000;0.999;1;5000;5000;0;0;372;430;372
1000;0.999;1;5000;5000;0;0;372;430;372
1000;0.999;1;5000;5000;0;0;372;430;372
1000;0.999;1;5000;5000;0;0;372;430;372
1000;0.999;1;5000;5000;0;0;372;430;372
1000;0.999;1;5000;5000;0;0;372;430;372
1000;0.999;1;5000;5000;0;0;372;430;372
1000;0.999;1;5000;5000;0;0;372;430;372
1000;0.999;1;5000;5000;0;0;372;430;372
1000;0.999;1;5000;5000;0;0;372;430;372
1000;0.999;10;1000;85290;85283;84284;428;430;372
1000;0.999;10;1000;85290;85283;84284;428;430;372
1000;0.999;10;1000;85290;85283;84284;428;430;372
1000;0.999;10;1000;85290;85283;84284;428;430;372
1000;0.999;10;1000;85290;85283;84284;428;430;372
1000;0.999;10;1000;85290;85283;84284;428;430;372
1000;0.999;10;1000;85290;85283;84284;428;430;372
1000;0.999;10;1000;85290;85283;84284;428;430;372
1000;0.999;10;1000;85290;85283;84284;428;430;372
1000;0.999;10;1000;85290;85283;84284;428;430;372
1000;0.999;10;2000;86290;86289;84284;428;430;372
1000;0.999;10;2000;86290;86289;84284;428;430;372
1000;0.999;10;2000;86290;86289;84284;428;430;372
1000;0.999;10;2000;86290;86289;84284;428;430;372
1000;0.999;10;2000;86290;86289;84284;428;430;372
1000;0.999;10;2000;86290;86289;84284;428;430;372
1000;0.999;10;2000;86290;86289;84284;428;430;372
1000;0.999;10;2000;86290;86289;84284;428;430;372
1000;0.999;10;2000;86290;86289;84284;428;430;372
1000;0.999;10;2000;86290;86289;84284;428;430;372
1000;0.999;10;5000;92430;92425;87427;429;430;372
1000;0.999;10;5000;92430;92425;87427;429;430;372
1000;0.999;10;5000;92430;92425;87427;429;430;372
1000;0.999;10;5000;92430;92425;87427;429;430;372
1000;0.999;10;5000;92430;92425;87427;429;430;372
1000;0.999;10;5000;92430;92425;87427;429;430;372
1000;0.999;10;5000;92430;92425;87427;429;430;372
1000;0.999;10;5000;92430;92425;87427;429;430;372
1000;0.999;10;5000;92430;92425;87427;429;430;372
1000;0.999;10;5000;92430;92425;87427;429;430;372
1000;0.999;100;1000;835500;835499;834485;429;430;372
1000;0.999;100;1000;835500;835499;834485;429;430;372
1000;0.999;100;1000;835500;835499;834485;429;430;372
1000;0.999;100;1000;835500;835499;834485;429;430;372
1000;0.999;100;1000;835500;835499;834485;429;430;372
1000;0.999;100;1000;835500;835499;834485;429;430;372
1000;0.999;100;1000;835500;835499;834485;429;430;372
1000;0.999;100;1000;835500;835499;834485;429;430;372
1000;0.999;100;1000;835500;835499;834485;429;430;372
1000;0.999;100;1000;835500;835499;834485;429;430;372
1000;0.999;100;2000;851800;851796;849760;429;430;372
1000;0.999;100;2000;851800;851796;849760;429;430;372
1000;0.999;100;2000;851800;851796;849760;429;430;372
1000;0.999;100;2000;851800;851796;849760;429;430;372
1000;0.999;100;2000;851800;851796;849760;429;430;372
1000;0.999;100;2000;851800;851796;849760;429;430;372
1000;0.999;100;2000;851800;851796;849760;429;430;372
1000;0.999;100;2000;851800;851796;849760;429;430;372
1000;0.999;100;2000;851800;851796;849760;429;430;372
1000;0.999;100;2000;851800;851796;849760;429;430;372
1000;0.999;100;5000;881300;881299;876219;429;430;372
1000;0.999;100;5000;881300;881299;876219;429;430;372
1000;0.999;100;5000;881300;881299;876219;429;430;372
1000;0.999;100;5000;881300;881299;876219;429;430;372
1000;0.999;100;5000;881300;881299;876219;429;430;372
1000;0.999;100;5000;881300;881299;876219;429;430;372
1000;0.999;100;5000;881300;881299;876219;429;430;372
1000;0.999;100;5000;881300;881299;876219;429;430;372
1000;0.999;100;5000;881300;881299;876219;429;430;372
1000;0.999;100;5000;881300;881299;876219;429;430;372
